%%%kernvalues ensemble of 5 1000 kernels + 1000 test set

error = [0.7270    0.7270   0.7180    0.7200    0.7240    0.7280    0.7470    0.7550    0.7700    0.7700]
lambda = [0.000001 0.00001 0.0001 0.001 0.01 0.1 1 10 1000 10000];
sigma1 = 300;
sigma2 = 3;



% N  = 10000 M = 10000 lambda = 10^-4 0.6662